072700020010
072700030010
072700040010
072700050010
072700060010
072700070010
072700080010
072700090010
072700100010
072700110010
072700120010
072700130010
072700140010
072700150010
072700160010
072700170010
072700180010
072700190010
072700200010
072700210010
072700220010
072700230010
072700240010
072700250010
072700260010
072700270010
072700280010
072700290010
072700300010
072700310010
072700320010
072700330010
072700340010
072700350010
072700360010
072700370010
072700380010
072700390010
072700400010
072700410010
072700420010
072700430010
072700440010
072700450010
072700460010
072700470010
072700480010
072700490010
072700500010
072700510010
072700520010
072700530010
072700540010
072700550010
072700560010
072700570010
072700580010
072700590010
072700600010
072700610010
072700630010
072700640010
072700650010
072700660010
072700670010
072700680010
072700690010
072700700010
072700710010
072700720010
072700730010
072700740010
072700750010
072700760010
072700770010
072700790010
072700800010
072700810010
072700820010
072700830010
072700850010
072700860010
072700870010
072700880010
072700890010
072700900010
072700910010
072700920010
072700930010
072700940010
072700950010
072700960010
072700970010
072700980010
072700990010
072701000010
072701010010
