090200020010
090200020020
090200020030
090200020040
090200020050
090200020060
090200040010
090200050010
090200060010
090200070010
090200080010
090200090010
090200100010
090200110010
090200120010
090200130010
090200140010
090200150010
090200160010
090200170010
090200180010
090200190010
090200200010
090200210010
090200220010
090200230010
090200240010
090200250010
090200260010
090200270010
090200280010
090200290010
090200300010
090200310010
090200320010
090200330010
090200340010
090200350010
090200360010
090200370010
090200380010
090200400010
090200410010
090200420010
090200430010
090200440010
090200450010
090200470010
090200480010
090200490010
090200500010
090200510010
090200520010
090200530010
