108900020010
108900030010
108900040010
108900050010
108900060010
108900070010
108900080010
108900090010
108900100010
108900110010
108900120010
108900130010
108900140010
108900150010
108900160010
108900170010
108900180010
108900190010
108900200010
108900210010
108900220010
108900230010
108900240010
108900250010
108900260010
108900270010
108900280010
108900290010
108900300010
108900310010
108900320010
108900330010
108900340010
108900350010
108900360010
108900370010
108900380010
108900390010
108900400010
108900410010
108900420010
108900430010
108900440010
108900450010
108900460010
108900470010
108900480010
108900490010
108900500010
108900510010
108900530010
108900530020
108900530030
108900550010
108900560010
108900570010
108900580010
108900590010
108900600010
108900610010
108900620010
108900630010
108900640010
108900650010
108900660010
108900670010
108900680010
108900690010
108900720010
108900730010
108900740010
108900750010
108900760010
108900770010
108900780010
108900790010
108900800010
108900810010
108900820010
108900830010
108900840010
108900850010
108900860010
108900870010
108900880010
108900890010
108900900010
108900910010
108900940010
108900950010
108900960010
108900970010
108900980010
108900990010
108901000010
108901010010
108901020010
