115900040010
115900050010
115900060010
115900070010
115900080010
115900090010
115900100010
115900110010
115900120010
115900130010
115900140010
115900150010
115900160010
115900170010
115900180010
115900190010
115900200010
115900210010
115900230010
115900240010
115900250010
115900260010
115900270010
115900280010
115900290010
115900300010
115900310010
115900320010
115900330010
115900340010
115900350010
115900360010
115900380010
115900390010
115900400010
115900410010
115900420010
115900430010
115900440010
115900450010
115900460010
115900470010
115900480010
115900490010
115900500010
115900510010
115900520010
115900530010
115900550010
115900550020
115900550030
115900570010
115900580010
115900590010
115900600010
115900610010
115900620010
115900630010
115900640010
115900650010
115900660010
115900670010
115900680010
115900690010
115900700010
115900710010
115900720010
115900730010
115900740010
115900750010
115900760010
115900770010
115900790010
115900800010
115900810010
115900820010
115900830010
115900840010
115900850010
115900860010
115900870010
115900880010
115900890010
115900900010
115900910010
115900920010
115900930010
115900940010
115900950010
115900960010
115900970010
115900980010
115900990010
115901000010
115901010010
115901020010
115901030010
115901040010
115901050010
115901060010
