122100020010
122100030010
122100040010
122100050010
122100060010
122100070010
122100080010
122100090010
122100100010
122100110010
122100120010
122100130010
122100140010
122100150010
122100160010
122100170010
122100180010
122100190010
122100200010
122100210010
122100220010
122100230010
122100240010
122100250010
122100260010
122100270010
122100280010
122100290010
122100300010
122100310010
122100320010
122100330010
122100340010
122100350010
122100360010
122100370010
122100380010
122100390010
122100400010
122100410010
122100420010
122100430010
122100440010
122100450010
122100460010
122100470010
122100480010
122100490010
122100510010
122100520010
122100520020
122100540010
122100550010
122100560010
122100570010
122100580010
122100590010
122100600010
122100610010
122100620010
122100630010
122100640010
122100650010
122100660010
122100670010
122100680010
122100690010
122100700010
122100710010
122100720010
122100730010
122100740010
122100750010
122100760010
122100770010
122100780010
122100790010
122100800010
122100810010
122100820010
122100830010
122100840010
122100850010
122100860010
122100870010
122100880010
122100890010
122100900010
122100910010
122100920010
122100930010
122100940010
122100950010
122100960010
122100970010
122100980010
122100990010
122101000010
122101010010
