138700040010
138700050010
138700060010
138700070010
138700080010
138700090010
138700100010
138700110010
138700120010
138700130010
138700140010
138700150010
138700170010
138700180010
138700190010
138700200010
138700210010
138700220010
138700230010
138700240010
138700250010
138700260010
138700270010
138700280010
138700290010
138700300010
138700310010
138700320010
138700330010
138700340010
138700350010
138700360010
138700370010
138700380010
138700390010
138700400010
138700410010
138700420010
138700430010
138700440010
138700450010
138700460010
138700470010
138700480010
138700490010
138700500010
138700510010
138700520010
138700530010
138700550010
138700550020
138700550030
138700570010
138700580010
138700590010
138700600010
138700610010
138700630010
138700640010
138700650010
138700660010
138700670010
138700680010
138700690010
138700700010
138700710010
138700720010
138700730010
138700740010
138700750010
138700760010
138700770010
138700780010
138700790010
138700800010
138700810010
138700820010
138700830010
138700840010
138700850010
138700860010
138700870010
138700880010
138700890010
138700900010
138700910010
138700920010
138700930010
138700940010
138700950010
138700960010
138700970010
138700980010
138700990010
138701000010
138701010010
138701020010
138701030010
138701040010
138701050010
138701060010
