054100020010
054100030010
054100040010
054100050010
054100060010
054100070010
054100080010
054100090010
054100100010
054100110010
054100120010
054100130010
054100140010
054100150010
054100160010
054100170010
054100180010
054100190010
054100200010
054100210010
054100220010
054100240010
054100250010
054100260010
054100270010
054100280010
054100290010
054100300010
054100310010
054100320010
054100340010
054100350010
054100360010
054100370010
054100380010
054100390010
054100400010
054100410010
054100420010
054100430010
054100440010
054100450010
054100460010
054100470010
054100480010
054100490010
054100500010
054100510010
054100530010
054100530020
054100530030
054100540010
054100540020
054100550010
054100560010
054100560020
054100560030
054100570010
054100570020
054100570030
054100570040
054100570050
054100570060
054100570070
054100570080
054100570090
054100570100
054100570110
054100570120
054100570130
054100570140
054100570150
054100570160
054100570170
054100570180
054100570190
054100570200
054100570210
054100570220
054100570230
054100570240
054100570250
054100570260
