030000040010
030000050010
030000060010
030000070010
030000080010
030000090010
030000100010
030000110010
030000120010
030000130010
030000140010
030000150010
030000160010
030000170010
030000180010
030000190010
030000200010
030000210010
030000220010
030000230010
030000240010
030000250010
030000260010
030000270010
030000280010
030000520010
030000530010
030000540010
030000550010
030000560010
030000570010
030000580010
030000590010
030000600010
030000820010
030000830010
030000840010
030000850010
030000860010
030000870010
030000880010
030000890010
030000900010
030000910010
030000920010
030000930010
030000940010
030000950010
030000960010
030000970010
