017000360010
017000370010
017000380010
017000380020
017000380030
017000390010
017000400010
017000410010
017000420010
017000430010
017000510010
017000520010
017000650010
017000690010
017000700010
017000710010
017000720010
017000730010
017000740010
017000750010
017000760010
017000770010
017000780010
017000790010
017000800010
017000810010
017000820010
017000830010
017000840010
017000850010
017000860010
017000870010
017000880010
017000890010
017000900010
017000910010
017000920010
017000930010
017000940010
017000950010
017000960010
017000980010
