077400020010
077400030010
077400040010
077400050010
077400060010
077400070010
077400080010
077400090010
077400100010
077400110010
077400120010
077400130010
077400140010
077400150010
077400160010
077400170010
077400180010
077400190010
077400200010
077400210010
077400220010
077400230010
077400240010
077400250010
077400260010
077400520010
077400530010
077400540010
077400550010
077400560010
077400570010
077400580010
077400590010
077400600010
077400610010
077400620010
077400630010
077400650010
077400660010
077400670010
077400680010
077400690010
077400710010
077400720010
077400730010
077400740010
077400750010
077400760010
077400770010
077400780010
077400790010
077400800010
077400810010
077400820010
077400830010
077400840010
077400850010
077400860010
077400870010
077400880010
077400900010
077400910010
077400920010
077400930010
077400940010
077400950010
077400960010
077400970010
077400980010
077400990010
077401000010
077401010010
077401020010
077401030010
077401040010
077401050010
077401060010
077401070010
