060500040010
060500050010
060500060010
060500070010
060500080010
060500090010
060500100010
060500110010
060500120010
060500130010
060500140010
060500150010
060500160010
060500170010
060500180010
060500190010
060500200010
060500210010
060500220010
060500230010
060500240010
060500250010
060500260010
060500270010
060500280010
060500290010
060500300010
060500310010
060500320010
060500330010
060500340010
060500350010
060500360010
060500370010
060500380010
060500390010
060500400010
060500410010
060500420010
060500430010
060500440010
060500450010
060500460010
060500470010
060500480010
060500490010
060500500010
060500510010
060500520010
060500530010
060500550010
060500570010
060500570020
060500570030
060500580010
060500580020
060500580030
060500580040
060500580050
060500580060
060500580070
060500580110
060500580120
060500580130
060500580140
060500580150
060500580160
060500580170
060500580180
060500580190
060500580200
060500580210
