023900030010
023900040010
023900050010
023900060010
023900080010
023900090010
023900100010
023900110010
023900120010
023900130010
023900150010
023900160010
023900170010
023900180010
023900190010
023900200010
023900210010
023900230010
023900240010
023900270010
023900330010
023900340010
023900360010
023900370010
023900380010
023900390010
023900420010
023900430010
023900440010
023900450010
023900460010
023900470010
023900490010
023900500010
023900510010
023900520010
023900530010
023900540010
023900550010
023900570010
023900580010
023900610010
023900630010
023900640010
023900660010
023900670010
023900680010
023900690010
023900720010
023900730010
023900740010
023900750010
023900760010
023900770010
023900790010
023900800010
023900810010
023900820010
023900830010
023900850010
023900860010
023900880010
023900890010
023900920010
023900940010
023900950010
023900970010
023900980010
023900990010
023901000010
