132700020010
132700030010
132700040010
132700050010
132700060010
132700070010
132700080010
132700090010
132700100010
132700110010
132700120010
132700130010
132700140010
132700150010
132700160010
132700170010
132700180010
132700190010
132700200010
132700210010
132700220010
132700230010
132700240010
132700250010
132700260010
132700270010
132700280010
132700290010
132700300010
132700310010
132700320010
132700330010
132700340010
132700350010
132700360010
132700370010
132700380010
132700390010
132700400010
132700410010
132700420010
132700430010
132700440010
132700460010
132700470010
132700480010
132700490010
132700500010
132700510010
132700530010
132700530020
132700530030
132700550010
132700560010
132700570010
132700580010
132700590010
132700600010
132700610010
132700620010
132700630010
132700640010
132700650010
132700660010
132700670010
132700680010
132700690010
132700700010
132700710010
132700720010
132700730010
132700740010
132700750010
132700760010
132700770010
132700780010
132700790010
132700800010
132700810010
132700820010
132700830010
132700840010
132700850010
132700870010
132700880010
132700890010
132700900010
132700910010
132700920010
132700930010
132700940010
132700950010
132700960010
132700970010
132700980010
132700990010
132701000010
132701010010
132701020010
132701030010
